x1,x2,x3,x4,x5,x6,x7,x8,x9,x10,y
-1.0252998652822969,-1.35502318080164,-1.1845806211205405,-0.40232141384156384,-1.7165998546702976,-0.30447498704093334,0.6400661006426365,-0.22660510288186475,-1.5592470964962875,-1.6990498714651676,-1.0696689082553006
0.36437215976351006,0.7315803635619822,-0.4964570598213596,-0.4978161664233709,-1.6669650252913013,-1.6367411449939928,-0.8556899893113111,0.9038731311414989,0.2483354492527066,0.7477960839011454,0.35192353101811835
-1.0977579049881288,0.39066913066026354,0.3919485665880319,-0.8009627047648611,1.351771893057546,0.35167423956323923,0.16685627383343501,0.40188804901200853,0.5875431927906913,-0.8365251576286502,-0.7705170794437572
0.8753485727322448,1.3250429758149675,0.7182731259385174,0.16794805533279752,-0.727021254698048,1.6840001940447067,-0.47154243239529287,0.0036624327966987774,-0.5848511217610697,1.473572124543888,0.4627229356461074
-1.0686030235930812,1.247806560843995,-1.4888375804627612,0.605380961960678,-0.36394817584356687,0.9668941619772237,0.8498711291080256,0.03524659418357127,0.30014611333965097,-0.17964480030747507,0.7140579544966466
-1.521456326608173,1.049236956985527,1.1802139388967956,-1.423114168388863,0.3382230317591328,-0.0352344579411176,-1.1796018447848842,-1.0724323905397306,0.731268720859992,0.04846312619129951,-1.3178050552592233
0.7448459927976138,-1.6068503010392028,1.4052463166222533,-0.11322686121078922,-0.073620382934403,0.09520598505995778,0.5714102367222206,-0.41637202698505615,-1.5082271303001924,-0.8142611787895023,-0.6410534424264043
-0.5869898418133509,-0.4739618484426661,-0.8946878929844461,0.028821001029759815,1.5371317526776143,1.386266540579137,-1.3690490095098682,-1.483772763759328,1.1490088713951903,-0.05715720291378919,0.2097847460829004
1.7108123346793835,1.3387886542380185,-0.013607915509080474,1.1284237548313074,0.8065739231677997,0.5734844110736831,-0.6274401592885666,-0.9119145428988285,0.3923167614823948,1.0010425962349379,-0.053572809382766186
1.1187485465826343,-0.5325648965443068,-0.8598218771272823,-1.3952304366958919,1.1597025610261635,1.4084565677182073,-1.3625313727386439,-0.45104148269706335,-1.2607900823697573,-1.514923606469712,0.0991855484603481
-1.4640682113068344,-0.7244608855172915,-1.4532751532123636,1.5914643039335603,0.47028536540815324,1.566859051227353,0.1516235029770894,1.1103086483938118,-0.5976160039605892,-0.6916244430099888,0.7416170214135076
-0.3824535993486746,-0.955956490279915,-1.3078727901212395,-1.3089156757001417,-1.0011598279887568,-1.4315498628349281,-0.8291225021115649,-1.3470056049519168,-1.626515881685958,1.047075828737209,-1.2873211333357684
0.047091746288063986,0.6619686639450788,-1.1097077874763142,-0.947114795289035,-0.1440971581378858,-0.7437586199480246,1.3701825842941948,0.38975821712617154,-0.6834066153865449,1.0213195747155943,0.349330885132366
0.8579561692846304,-1.1125878097248858,1.6305725202373076,0.09261926394016139,1.5682923310146502,-1.0941440342787934,0.1641892034916143,-0.5987159295274056,-0.8316452548026865,0.12934166845796943,0.9912486489132094
-0.7515031441979857,-1.6632134962970564,0.07205099414774165,-0.7403041482626137,0.9870357699391618,-0.9709262953733738,-0.6613200212996037,1.0741090533148565,0.5376364332507346,0.015099684263744532,-1.390629188389398
0.4705611584875594,0.07737935907272211,0.02287831984426384,0.9353287502014769,-1.143743356661896,-1.1846578109977515,-0.2151667235653883,-0.49687351541894065,-1.5981298428888797,1.0062234860641106,0.4326916188825083
-0.4294771284050112,-0.2324398133060896,0.8039967454108381,-1.3924264312810437,0.4689580605249496,0.548304942413406,-1.0303003878662491,-1.1373868836018017,-0.7941461815343835,-0.6573951195882581,-1.1516133431965765
-0.14882734113713575,-0.06562618087587806,-0.04904092918864016,0.29746836745759575,0.3184458729449362,-0.050061961296124724,1.3857494500634784,0.5281891267522735,-0.5076100286733343,-0.47405997302404834,0.08054758817146207
1.709071427459222,-1.2221815843133377,1.4953620240365535,-1.2052079666871738,-1.1933202341080604,0.6370627537865551,-1.4013648243533914,0.3215327789829481,-0.44495298491284835,0.6048296677293983,-0.7317878496039932
1.0531821453394086,0.07789761210159273,0.3605185012930501,1.4884385998477403,-1.4974828014162191,-1.4762552467097998,-1.730242358530875,1.2123228535610997,0.7475867806939369,1.0946077078626966,1.2353790899640198
1.1389433074832234,0.3423675065349421,1.6932943211041311,0.7669874392444368,-1.3597847195556385,0.15891559166613,0.8387863064550943,1.1099370605393992,-1.757401982559489,0.5716270023695601,1.262909504931564
-1.3038066735309706,-0.5316053129680307,0.949327267724774,0.6725475192506379,0.3224570513780185,0.6867104250564068,-1.050393001700811,-0.4269185097069523,0.4080256313784903,1.1265215992784823,-0.11716408571311789
-1.1856486549926628,-0.26665350635566026,1.3009889543263653,1.1303547448797098,-1.3939084911409887,-1.2359691599125568,-0.6849890209635636,-1.3162537198036854,-0.4301947502677413,-1.5435783208842262,-0.5067204005992688
-0.28625421588654426,1.4305430106256727,-1.2425661876436858,1.554037207325602,1.1381203001570346,-0.20278535268568745,-0.6021646494830859,-0.7907277866285368,0.2021925049059519,-1.8015269494646151,2.2415431541663997
-0.29771464892842225,0.9076198382026467,-1.1010815363512318,1.627397076420614,1.1105066377784338,0.36448074473453335,-1.646734834228766,0.772347788402306,1.197809113057106,-0.10073416821322903,1.922138481706472
1.5519286876226892,1.4103203467166756,-0.6155344236279598,-0.4622709391264788,0.24927118813365035,1.5633785791084571,-1.2606446678922314,-0.710013116662703,1.0654437401667889,-0.21383661519689162,-0.8215461746866317
-1.1762337832530982,-0.6388494188482238,0.5612744128456063,0.8291099017396171,-1.6518434477823818,-0.2862175626154778,0.5956305116962012,1.2811957600710013,-0.2613982485232369,1.4378571868818504,-0.8902129383896605
0.46007722065360934,-1.2579812935314294,1.7723195809799797,1.3092993399953587,-0.07253944988126178,1.4216464811488083,0.1880130464007203,1.5151340706025151,0.9199777895838549,1.4346754870372143,0.8983733290118986
1.6868872613543493,-0.12562162091779036,1.7592498443189488,0.4206416628616283,0.7082621720468689,-1.6425946500849122,-0.7637260904628254,-1.1665364285724884,-0.8584110545760864,-1.505133283064208,1.9285064085816612
-0.7774823902782035,0.08946954912300702,0.8230170116373361,1.567281393816828,0.5591405294517621,0.931890053766358,-1.1828901576845627,-0.3188498698164047,-0.4664543471364444,0.45916870966984213,0.780070395713343
-0.4259175840043787,1.0905730111215624,1.5819970715872655,-1.4397594181731879,-0.9640890387930112,-0.5693278142529614,1.1950066895496052,1.7227777896059864,1.3833500142033788,1.2155007553620596,-0.3322398833315045
-1.041305180682875,0.9550660723426959,-1.3889251794390314,0.7274194752469338,0.8384222273788574,0.9187565166308782,-0.849797627117832,-0.31968293445174917,0.11268261979096825,-0.9719065188569853,0.9633705756578536
0.7372359894203568,-0.6017231837920493,1.0064142700955319,0.5245597834281508,-0.9396846392538452,-1.2215511943739767,1.1266372068172479,1.634876320428245,-0.3186589509903012,0.1290606307004873,0.4429339563530576
-1.1065872875603366,0.18190589294392018,1.063486846276999,-0.07350924819680311,-1.2257112904298606,-1.0860366561078243,-0.21096497133694278,0.195945514680702,-0.6808241318441715,0.7882501086307573,-0.5621066307224242
-0.7199746523718665,0.29186169975448556,1.4854698475124444,-0.23888393267765792,0.09038423758384952,-0.8360266599522816,-0.1282960994410022,-0.226520455204492,-1.01742847511229,-0.16548052706908736,0.28620902845730267
0.8330285051232835,-0.7294450792652671,0.39359410802708156,1.0010082092096364,0.8941906591054568,-0.5831678609049971,1.032709826449938,0.8893443293559711,-1.3736244944581018,1.0805353892444212,0.6080372268267692
-0.6077729111523386,1.2494708981328713,-1.4371274018060556,-1.5916972113521108,-0.8284038891339972,-0.1752533597924035,0.5449774805326043,-1.228063842220563,0.39725599169542214,0.858621627600275,-0.453955121283189
1.4903673515999591,-0.3182663007007431,-0.5387727500627868,1.5465825529842026,1.538066466998717,-1.0884790147877765,0.6129805364219295,-1.2122863926333955,0.3236354144370392,0.9468525708086345,1.9632072612324643
1.4269202770896774,0.8919803632245185,1.3243800142181799,-1.4832430283887807,-0.7080440010047144,0.009801412413517608,-0.2736509981723196,-0.7957003092009759,-0.8193156779370494,1.3555866337827378,-0.40666588320274055
-0.8537220447228047,0.3873634944209872,0.6054754346563633,1.5648192310693838,0.8370384000949579,1.1648842803174204,0.00044004727855208,-0.9489866872154447,1.4727883216160609,-1.4683560578443633,0.5205183755111124
0.28647172029807155,-0.8759148506292558,0.457671143898795,-1.2016712200362645,1.489319516389955,1.4570826064309748,-0.3625639728572698,-0.7592250764184493,-1.010815630386364,-0.24324546331687258,-0.5653578709081227
-0.2284536845711874,-1.124574010226339,-1.2165713865972827,1.1280437364430294,-0.17017243176546681,1.282638056997772,0.8943748524933165,-0.1997652726876682,-0.6006245467416129,-0.13166567435832321,0.5018712406673153
-0.29667714630399494,-0.9999417313671924,-0.9462741122937756,1.5509440409396829,0.7092102390724891,-0.07685014976891975,-0.9676100352660059,-0.7185617773707612,-1.65175685893688,-0.41272492362064755,0.8476616906866886
-0.8532549633569882,-1.1916476251419903,-0.90751332978367,0.16586805749340763,0.48520880707456115,-0.14671996166015872,1.7277149101141411,-0.7655235519741921,0.6975542671670607,1.0951960797498823,-0.18913257411084025
-1.6534447403119477,0.4775521977501948,0.4712204311167978,0.367024262545975,1.4460331461894764,-1.720023377267637,0.7588995023017067,1.1490761285537632,-0.1465086612201952,-0.7603276921608004,-0.4637668567082787
-0.44283892883827625,1.4681786641866927,1.0356629350939692,0.8994194999310237,1.251113727143225,-1.4891167027247212,0.22780785198717976,0.3837436377636241,1.3599094944871852,-0.9050322221378763,1.492602503834672
-1.2782711197293413,-0.6230011045829578,-0.6088854897022833,-0.11273947228295536,1.33827906079477,-1.1496297424686746,-0.32726100653316154,0.4876605626341376,1.3086682865984771,-1.4552327497681476,-0.5986206942890012
-1.113069957803378,0.5245805411807699,-0.07677974751130535,-1.3382917375819257,0.5669826814431421,-0.9201791639409771,-1.6588468771965488,-1.3677253259206996,-1.6415968500881932,1.225136612980396,-1.3839712348606155
1.447091672149574,0.906087382335212,-0.44336669574569165,-1.322929427556919,-0.3877069915297696,-0.9727947964982036,-1.3170101821226066,-1.3894866907315508,0.5724577758504196,-1.8764345828630749,-0.49697615158846936
-0.13005693912686006,1.1187256144952826,-0.8243357329292491,0.05144899150066038,1.3366034542128087,0.5364278260404621,1.132848596583691,0.27194324718630947,1.4216485958250091,0.12102555634974117,0.9775301984040027
1.5677944383678835,0.727026090088502,-0.5637440597419856,0.7681554858062722,0.6840557559872812,-0.5911623430832736,-0.42222254624029587,-0.3687899817900394,0.20936839348470446,1.1997967935459817,0.9796960130708383
0.01707655262746956,-1.2639749742069875,-0.22479248234997384,0.7520687622547716,-0.7915894317121062,-1.417761486351114,1.5370637347597573,0.7997123253822201,0.2048970195282831,0.8263812594386708,-0.8059363510729659
0.66243527036805,-0.7966910497529507,0.932546238393904,1.6102549358371594,-0.9108584029725925,0.2204922245282855,0.37448275631142314,0.34292581969036945,-1.101829867090508,1.3809099477569826,0.31656485167099613
0.2932610039825774,-0.22713742512629964,1.7989916118851617,-1.253207704874125,-1.0424859375057778,-1.2188771647115217,0.5992513534883188,-0.722117525614525,-0.2914314069480573,-1.0701689735532958,0.12411920878050112
-0.5719217646860792,-0.30935938726355583,-1.363944718055901,0.7123551106641978,0.138323636643624,-0.857757927060626,0.12127141785235984,-1.2542082533286343,0.07385632450465275,1.2997539442819528,0.5956522894062384
-0.5638840697529136,1.489715864809608,1.3088573954490323,-0.3186783853801309,-1.650205040173764,1.10481052589923,0.6265912320583036,-1.0591242165328743,1.4736411972945829,-1.5691308050637938,-0.10106006908600688
0.12462406887535185,-1.5252813705880068,-0.8990349785377076,-1.531260113119437,0.8879431811319206,-1.001625546984002,-0.5335161896095293,1.5310790711893136,0.5018897147699234,-1.8058028280560086,-1.6809826457425545
1.3006157754486973,-1.3117957512632301,0.18712850177990828,-1.1532586128117077,0.6343093875754287,-0.4043803376110938,0.27649957979458695,-0.9558944723323506,-1.3624919341226163,-0.2271105216156308,-1.0638058784899078
-1.4475898885909002,-0.2763562488335551,-0.6981913644711639,1.233571990185157,-1.6220300747112064,1.5487555590648374,-0.496645750831995,-0.37680256629710235,-1.7906964148986033,-1.2750010664290043,-0.6174837367228364
-0.6454237396936512,1.6424271921943414,-0.7298952042625542,-1.240353092058362,1.407024199501374,-0.9686794194754634,0.7341865057611074,-1.3730276288528893,0.5894992096893702,1.1351222359756876,0.1952251688613983
1.169662617998692,0.8141528993514804,0.16991470117299406,-0.06814482237897297,0.08160488452733367,0.6662926662670147,1.5923328855064733,0.4924621736672266,1.113013891424728,0.5106476844373394,0.4597757896827241
0.7659148081080768,0.8829892850196349,-0.6007644565545904,0.2322531856335836,0.061581879159143864,0.7876909455070427,1.7173166049245323,-0.6396470589408992,0.7979804684381714,0.3677807761301075,0.6102987205401105
-0.6477024873345532,-0.6842490586512614,-0.36553096557449655,1.1046171026518206,0.174595905434107,-1.5173773978214984,-1.5166583504294295,-0.328118171402951,0.7090518183917817,0.46713867957883226,0.07651336349520421
1.3220355597688536,0.3457151830055948,-0.3888084890331129,-0.9464376329143335,-0.3682528700262507,0.03544614571128077,-1.6410768318124842,-1.0809062882219573,0.15461301284987317,-1.137383679572895,0.05814018558857025
1.1369710757391318,1.370272935522228,-0.6377780392463701,-0.36275728572488797,-0.4779772904836135,0.16599559208678213,0.6548667535426204,-0.6105075252771692,-1.7802545734956001,-0.5345109073907776,0.30673162065867143
-0.7353963889834086,-1.2646657703202215,-1.3939687453076812,-0.5888827830757911,-0.8667420006226558,-0.19592183050448594,0.7103099027667064,0.7548835657248796,-0.9004632665668278,-0.6012807119062619,-0.9882869524182685
0.7307400845946256,1.5693353399240997,-0.9836365121151717,-0.920563510907025,0.55793888561385,0.9248157530023869,0.0009153994919019347,0.4679239085447277,-1.1364783264406273,-0.26670454307690344,0.501596953456731
-0.039039676515322655,0.5719046337860829,-1.510378861233935,-1.2523021858031758,-0.7675198609538567,1.632052368548937,-1.290294950437879,-0.46398868149127614,-1.6750000326492367,-0.7696568804570686,0.10819046088870043
1.4991081292673787,1.0115450631357945,0.894036913943146,0.26859810403252254,1.3124401673643944,-0.07024883401499579,1.4116751330169452,1.2168700471549083,-1.1326369315702967,0.7527667418195146,0.7977060670929614
0.6853569521582017,-0.2989876158347231,-0.2725236956910019,-0.284195419300643,0.2146083856839915,1.2801524060016403,1.614976214167303,-1.3891446376392462,-1.2399650535240765,-1.5276376276610857,0.09209855357424693
1.6904399958743774,1.2522173432443093,-0.42620820453122304,1.6081962818694369,-0.9671435705643772,1.51522538127073,1.6602916332811994,1.100738972756082,0.2554459320430312,1.109403729015224,0.3990140616416218
0.3710735182397384,-1.6748516556361048,0.04492392826329153,0.7666128932730802,-1.5868069287050637,1.2730542771516282,0.10961589884427006,-1.465505300865577,-1.0973919368463099,1.3841166437207493,-1.2531608023801497
-1.4478538510405363,-0.8916414692810185,-0.10409710025501105,0.1448322701029849,0.8198981593934671,1.5479166061112282,-1.372836304765735,-1.2105873655446904,0.11966309893662268,0.6633937702759152,-0.7177777490147959
0.9749507792775164,1.184862250588816,0.8816410602385351,1.6662574819447165,1.2349574577221045,0.25713095818064546,0.3601858609687487,-1.453464499010572,1.4818218649794153,-1.4606731628382317,2.027929046667873
-0.916056375540011,1.580967952281178,-1.0278437098803068,-0.6246958111694273,-1.138480630609416,-0.5797842907326785,-0.03768865775840647,0.17571645477099573,0.998971090451224,1.1618631193568114,-0.5445407315193642
1.4127575559985008,-0.4671281527308987,-0.09183364814472156,1.3763385114544497,0.9291920349582582,0.6636726938698145,-1.4357531182825543,1.5023671389462538,0.534631279767787,1.5404272259816476,1.56954524026838
0.592121106465672,0.03881501972683692,0.07620143564942322,1.407095002903302,0.0988569001975175,1.09034385598901,0.8659758507238718,-1.4391390328274458,0.7307720329028471,-1.1655213448933341,1.3864052582553854
-1.4929159141565818,-1.3647576219161082,-1.1242975475241184,-0.5391384786333019,-0.7458232958704432,-0.8935843289445364,0.9578582254288066,1.764621371900877,-0.06597587666239947,1.351336394873359,-1.2179200584183163
-0.5931464063608871,0.6435832207868439,-0.29071132839919567,-0.9950102563584361,-1.650503208328363,-1.5452303860020549,0.6959971756381959,-0.052942499136029546,-0.057308825641083534,1.186858883050818,-1.0610507834660683
0.7792523679832782,-1.527323332300319,-0.22749921789905012,-1.035517680518938,0.9810487373034628,0.6520148655764436,1.4457049768104608,1.6596141253687273,0.7362281121720523,1.5244612280362932,-1.4451597449749407
-1.4282995293734047,-0.016919233405325355,-0.6030449246777736,-0.643558144496692,-0.5570875636112897,-0.6865548846594591,0.32504343934717295,0.7147342970544834,-0.9496726138914282,-1.4669481561827507,-1.5790660888421075
1.0501467082953904,-1.380337130669044,-0.07071590917308711,0.13802802522694077,0.5587082313153583,-1.463221807712839,-0.9663406505523967,-0.19784409252504884,0.23161246372921923,1.1532566750924973,-0.3824781114436438
0.44613824576852473,1.481597727326814,-1.0350236916387596,0.8359936256702649,0.2785864830684573,-1.1362760758373582,-1.7818276543305813,-1.5368840994846162,-0.07225809272822728,1.3464111855610175,1.3734111277367003
-0.1289178606431425,1.150543150238423,0.8103213405670266,-0.6027372414747701,0.9542914370590132,-0.4028327496157337,1.4384377528180736,0.3730478148369076,1.092693237538181,0.48045484621063,0.468066523408942
-0.6365137996682875,-0.39671752267812793,0.08067240780956761,0.36506628255577367,1.515627475037275,0.6409176907783858,-0.37083982961349654,-0.6871367354027035,1.3022332954224092,-1.4469269654852892,-0.058718263892483975
-1.5065997139229936,-1.0400111581302682,-0.19823592884260263,0.40876245197426503,0.8160932685523501,-0.3453049098595274,0.8088685608216722,1.0695747834725142,-0.7880427786266209,1.472683878137883,-0.6756561614184453
0.5658362622648844,1.2673952636519064,0.31908572182655653,0.8759146907604344,0.8115155763604903,1.3727260444983695,-1.2512646246347547,0.29628353146990133,-0.4178152969056037,1.2785168888606337,1.698500570873247
0.8769377846195877,1.0647572592631225,-0.306786711388453,-0.9375895236581969,-1.4059695164596582,0.8188257072006816,-0.13856760483861327,0.8152957792550897,1.204883616978749,-1.4087404564236914,-0.3619222386675987
0.7297122512585331,-0.1766621989144677,0.8875832326349404,1.2913111146674638,1.4881233949234287,1.1907610500124777,-1.7615443960196646,-0.36587975820695445,0.5871051666175181,-1.3220716034270734,1.7985439263566179
-0.39834078396257305,-1.2463641139599502,1.230021165556238,-0.9609066744196221,-0.044157674161818636,-1.0002642682698109,-1.444522087638676,1.3110659009486576,1.3965033656382815,1.4088894798013452,-0.8206825200714591
-1.0859301645151747,0.16991566637824837,-0.4950992546561195,1.5965346931420346,1.4558168434505527,0.3730469130094773,0.46817684661803616,1.722400927447896,1.1111775357889162,0.7314662317299533,0.8253532103495492
-0.2934523254571772,-0.25024943806684596,0.5195955601698431,-1.3597460714761067,0.9827085232217698,0.48856929426178414,0.8688060716795095,0.22495874205356395,-1.4770091357768287,-0.5143948357765745,-0.5054884860484856
1.4354083811308342,-1.5638402018320758,-0.44361692251211027,-1.2609040171719028,-0.16209799934161123,1.0666144605506105,-0.7071150800561301,-1.0638977617130176,-0.7447061872981497,0.9003687857456014,-1.5586426151557253
1.2096110344586837,-0.6043519865787177,-1.2247045013927575,-1.3148425008417108,1.3613742542137026,-1.3690747948866986,-1.2860106407808265,1.312650443627608,-0.9978550817962155,0.3884769227520437,0.24170808703748708
1.2038468727894254,-0.07559696297966653,1.4321754211312423,1.4578858065311129,-0.8356048909218138,0.32939713160507306,0.13355022537629505,0.22837390991475084,1.2790350053904054,-0.8599046003791094,1.8366698554305951
0.5474568606918624,0.704244551407582,0.10665894542904769,0.3442180393579958,-1.3148397619869538,1.263683276921419,0.9956076487664132,1.7652096063963578,-0.853137598489442,-1.1304069100611167,0.17097175605940093
-0.36512390914076803,0.5135830129711546,-0.35333406842514853,1.4044493424117979,1.5137163769679154,-1.6729930595807903,-1.0919866525991235,-1.1930708905310232,-1.7039503733745942,-1.1279042777171706,1.5362835093270426
0.33484709906065235,-1.3457786906002696,-0.5994236541420461,-0.07253030562762358,-1.6628110987679323,-0.3504073937813193,-0.003098134186422551,-0.7542188126271427,0.11614560893877815,0.690530346944916,-1.0622810463814687
-1.2333685055009993,1.548506407621681,1.0889129543416505,-1.0392169414624384,0.09239181993260774,-0.3429383355452739,-1.2470823975353214,-1.0267064683653824,1.3650192449232206,-0.8606815273809092,-0.5220102682302094
0.04483498946824733,0.2541991513554392,-0.7568043827344949,-1.0302258649063156,1.1054161001264744,-1.5754672227372661,-0.07243464148970499,-1.1811034933630369,-0.3222575484473114,1.4750787702321295,0.20258479790583672
1.2188397993628697,0.5261350048765183,-1.381481201460639,1.1068796925760243,0.34018707632037337,1.3613940183787452,0.9511801131755425,0.30575826526624306,0.9421338413345066,-0.9538144107775822,2.3995355383172314
-1.1500566262902776,1.2239102274451008,-1.0273817510291847,0.4563092670560099,-1.3232489173183777,1.163714873819635,1.1668582699481005,0.3324037277659763,-0.4884341803839196,-1.676632969996284,-0.20820114304656298
0.060657683529462596,1.475447522686235,0.5862268181541509,1.2943308289936937,1.3715630058365325,0.8263161439344847,0.7702826207700572,1.6642570223501745,1.4680754352207108,-0.3524965485095615,1.527981491455061
-1.0635770382480088,-0.6008191623209821,0.7448515563312601,-1.3824987118195573,0.27249791403715207,-0.12130413977306936,-0.7593349334529638,-0.7717978691074852,-0.13083057356208186,-0.6428032921443341,-1.5442182652132648
-0.4475999768940853,-1.3025207623238677,0.9999888580739825,1.3533630510547006,-1.401045060935514,0.8548354559056549,-1.7418657608225525,1.661216267297852,0.20416932758343745,-0.004320668077963932,-0.435679838866554
-0.6162985186504142,0.17617971647391664,1.7787012279101024,-0.25980639141238293,0.4660027179068247,-0.38765719274934923,1.0228525061726261,0.19421130278544652,-1.053713207697059,-0.9771517898511649,0.6187797159890506
0.9135549712366406,1.4235175375778144,-1.4843907305646362,1.3888821644446494,-0.436138901197607,1.2690677124956287,0.7379280033918296,1.7289796157580564,0.6847007999217518,-0.6545096516079847,1.4924794039818163
0.754765596763438,0.3957024799638739,1.6880692501378267,1.5972409708516817,0.9888472902459942,0.3300788713139951,-0.009333561656755526,-1.5234219365491057,0.17486215836182034,1.5066574678079085,2.413133707119218
-0.7916071269719686,-0.9882251374292734,0.18994024799963138,-1.5074876119497953,-1.047129234411072,-0.3050594551053013,-0.42744395678744357,-0.019956840484625323,-0.9200882202821896,0.11452759789235172,-1.8425530316093333
0.20229232720530305,-0.7538152013933803,-1.4800009759694772,0.7718276458867754,-1.7059404033575156,-0.4855025373198732,0.1481008145409821,1.511145150076994,-1.5469195055943854,-0.5112572654932199,0.19944800588458275
-1.6209663114210606,-0.6182458175740801,-0.7978358108554467,0.09445268723836987,0.7003056503597548,-1.4396607996497341,0.0906262488785033,1.5655745028780959,-1.0832884980282267,0.4271978217238858,-0.7768826228941401
-1.6604392230226068,1.4723536932172447,-0.6309741021477475,-0.9740574559972928,0.5506266541703732,-1.4007059490719,-0.8305583542232106,1.6880619125780143,0.2854818500619257,-0.11422720393536177,-1.398792100054969
-1.5784097519989668,0.4329262229716746,-0.7944003993304203,-0.6983739686713112,0.9095900828252446,1.5369090967144565,-0.6395264796320052,1.1929073509518384,-1.498620303185573,0.2778489282876496,-0.7645573311102825
-1.6091833509073377,-0.26026398369417325,-1.3505069761685384,-0.7541956361925947,-1.0019372895348178,-0.9000815332474839,-1.3222824654977976,-1.5276956304377467,-1.4603260362946706,0.22420798151275373,-1.1933201015253578
-0.09669132428750377,-0.5687615208868662,1.7378012346419196,-1.1486934001669538,-1.4124258364953028,-0.5871188421210973,0.37074670864697956,0.6331764548985358,-0.5215077704741622,1.5419186125296316,-0.11933066990996755
1.7344988470239762,-0.9761140343256692,0.6857476635690763,-0.7163064097280692,-1.6637982950320058,0.8527332025083002,-0.6267656243471293,-0.2874580036214895,0.11507313663183007,0.9597779337743322,-0.8626568088312934
1.492466078772355,-1.5871177070885656,-0.9853596691885769,-0.2974708041900311,1.4109525422568636,-0.7375718465049189,-1.2140234660390117,1.3915823422051654,-0.35778934963739584,1.2256301929102384,-0.8930291240647383
1.4241468474758923,-1.5167030413755918,1.7719962830762586,-1.2718302517159816,1.1182559409017707,0.18700601398118108,-0.450457661629832,-0.4247672492096994,0.6783093197066415,-0.8274302027163113,-0.17954235826871331
-0.7729605905110626,0.8525296680944364,-0.009664389154474545,0.3166561720299339,1.4205382705754852,1.6192015791929228,1.3666185904320636,-0.3688214359434443,1.1125691900493822,0.2938619920602336,0.10541390037448516
-1.5169631864245936,-1.3117481690991728,-0.2773580144264802,1.3550301941419962,-1.2433056850871889,1.0803807754158004,-1.7495372234889581,-0.040614993991439946,0.30192232668752667,-1.7070412387961733,-0.638171939271866
-0.9076828136020803,0.39545150599353984,-1.2019059653821693,-0.06498589525101221,-0.6679776771367966,-0.6804206668378658,-0.02840088627904207,0.8690884193268654,-1.6145952837404642,1.1263090433166505,-0.275184720986804
-0.6322257204050198,0.14750896470308258,1.6020234297264389,0.1407214363859082,-0.8499441631955647,1.2656893099803113,-0.4357301217916203,-1.563266738420297,-1.0198555229291986,-0.8147644153666449,0.18156604763566445
-0.6535721599643938,-0.513267682304203,-1.570777892874052,1.2203866793429743,-1.2208529574690175,-1.070256305521296,-0.8651022551455444,1.3859639258775738,-1.1572389591007028,0.8437782412039407,0.639943660562204
-1.5021552030368606,1.5705383904726906,-1.570262577688953,-0.9984182378349339,0.2910402597693772,-1.496239290886328,1.4413576939065562,0.8350045346802315,1.3747481146356397,-0.15935852257720481,-0.4553610360342205
0.213516484251328,-0.7169341139940681,1.729966662375377,-0.8399010219702835,-1.6800147705294133,-0.6479653911879552,0.04493812865625021,-1.4731789552337478,0.01822075416794555,1.109385763772705,-0.46085315212311256
0.9841556991686962,0.12866137872961203,1.768022615490136,-1.3512307696413446,0.7987254211808863,-0.8543545624013129,-0.4479494974425076,-0.8356880400776212,0.7838409051286604,-1.4168503565848185,0.6972951472662006
-0.187675074748847,-1.5881012379716644,1.0520995724650581,0.07861513248054565,0.8631561314897156,0.8168021951306083,1.1162424478390318,-0.5639787866947706,0.8230255987284755,-0.016752935342178046,-0.4416397689106707
1.0983030448239783,1.6638576666519593,1.3162275639941199,-0.2131730401850618,-1.3111052797930962,1.1381529783949866,-1.5847082611323398,-0.398292016060031,1.219311552366486,1.4086535340806667,-0.10420925347138423
-0.7281617986645527,-0.4282949107822057,-0.3025374572628377,0.8998344251969912,-0.9469896087411228,-1.182294814814357,-0.15094176214520866,-0.5512325757614431,0.9509363451566295,-1.0932974449151145,-0.6504515245303424
-0.5866315674623248,0.02220205964949786,-0.5509745714126941,1.2761328579187718,1.055064923171616,-0.6840137774198956,0.4022332691495403,-0.1314649519896755,1.1838434628056937,-1.2676353517169006,0.9473909433915149
-0.045450606685321526,-1.4788129634396203,1.6466227095454313,1.619364537677913,0.6426585932481501,-0.5642154007726841,-0.8683490813702113,-0.6820090718400472,-1.4209780140741382,-0.09647135727154511,1.0242161443677096
-1.655635292200414,-1.036874321935097,1.688621632057713,-0.49286649068447574,0.37529001759810215,-0.8040827023651227,1.6840108958686257,0.8648514047837049,-0.7467581892744884,0.8238292719033163,-0.8099178831460744
-0.8365889330365547,-1.3700299885366793,-1.527247328620607,1.5015306884270834,0.47935530397190435,0.945630033871796,-0.7676897041744458,0.39020179999755145,-1.632012074211017,-0.23551473040754065,0.8601270491681914
-1.5793147646677246,-0.5514188519409657,0.5459584033796689,-0.6638885940528049,-1.0396036223563871,-1.3771142032916888,0.31963374511106774,0.7536967135690552,0.3937475958729331,1.3674559632847276,-1.8535356876526148
0.5518189614968453,-1.5893858121701545,-0.11052765617571404,0.10495216168292668,0.037897518865198064,0.5856195922925479,-0.7829058504056917,-1.1376063705701045,-0.5367711249132221,1.393563613709914,-1.1366866883381384
0.26536993510750995,-0.16760905972653023,0.45682030826139625,-0.16539038297423425,0.10066850640355525,-0.3319543676545672,-0.33064188606941736,0.7539520293358057,-1.5357356540031815,-1.3396767254466144,0.4693109896556669
-0.5980005542888218,-0.44863893024903734,0.21310797076646099,0.9058492399131707,-0.6310937802982746,1.427929238686589,1.369296622961189,-1.405303670648388,-1.0000061321367508,-0.37217294360235714,-0.2501350428123039
0.010186375001290649,-1.7070050705497382,-0.12764136496800269,-1.3813463390719525,-1.0445440550054617,1.4565022587400391,-1.0118391848348596,1.2981973780813367,0.8300050272695644,-1.3652692396887047,-2.3518658416629914
-1.5255281246227579,0.45224376536609334,-0.1861578420429247,-0.33651426608532053,0.9396590964948298,0.6815304633813752,1.7079795123882224,-0.39273228822263145,1.1453608367912855,0.748412607182211,-0.7471622477287477
-0.72503385785174,1.28811579224751,-1.0169347143096754,0.6240946338099236,-1.4539929052005627,1.600489865954071,0.7741778745621454,1.2430289491374347,0.04294640521308024,-0.26605698078057,0.5528543953360974
-0.7551974176870669,0.9067169447374955,-0.022411854243059567,0.2994256745005519,-1.6699419067112735,0.3644061979724881,0.44829524568386464,0.492124209829016,1.299309147316772,0.44338954693668065,-0.3916491354063838
1.4210401416078664,-1.0821208993494538,0.23945297099146515,-0.5067517638733476,-0.6870930540850357,-0.22806312630294254,-0.2106217701680396,-0.37466557209470164,1.2034280114017313,0.6161459207632393,-0.9781936036514345
1.6942929818878303,0.9909197721589637,-0.004174565448379625,1.005501572884324,-1.3415541861777558,0.4417287730292195,-1.2770167039413038,1.5864669609438793,-0.10638966374375926,-0.4810839416310613,-0.18315439427033103
-0.9759948575941555,0.5669296515825858,0.6212209979444359,-1.1864908660524958,-0.8750533613724684,-1.570113434084088,-1.0322220472327326,-1.1261027734490883,-1.2012695053326878,0.456009077927843,-1.45680323758591
-0.7086786812017261,-1.1368663798598728,1.7193254478696085,-1.0894669363530631,0.9267772640846156,0.25501717323168793,0.29072781984613455,0.14200763428040816,1.3926503929226905,-0.6569314122817229,-0.324826128988925
1.2467412380319767,1.4526391019955016,1.7820596875383132,-0.26195976333361004,-0.47652067497325695,-1.2657201195497796,0.716394520628087,0.6251141304888925,1.0271469001957083,-1.5794270123144867,0.26137314593508126
-1.2864656219444157,-0.6220697399871704,-0.12356140891546624,-1.5111981776546781,-0.4501202198539715,-1.4519916347424033,0.012066068511528845,1.189344248047933,0.881744337763077,-1.6375944526860828,-1.8640249399738202
-1.0270281776292063,-0.30644644357542467,0.1960464918924716,-0.08883136424439277,0.9081849844453295,1.5540976695537927,1.1360660810919547,-1.307459344465912,0.836809295122856,-1.685528480518339,-0.884104040260496
-0.6475040164166724,1.4305438696071664,-0.6734773578830999,1.1640224645073134,1.5197695946481709,0.9395364348441634,0.10559840143009182,-1.3472567001860307,-0.2710971862238243,-0.3994393544446257,1.2894399476431342
-0.5699123537201195,0.5458395172508633,-1.1324280528469244,0.7917699122130811,-0.7766675233534683,-1.14295521127633,0.3541320414064983,-1.5007445990083574,0.9167880962619774,-1.8997299021822946,0.42162298368070983
-0.20925348786710718,1.1867454637517554,-1.1819901407442417,-0.689908031334415,-0.399089879160174,-0.3913607602422223,0.6665171647953633,-0.4168343575583791,0.5330505552533422,0.2958611370240511,0.5392432718696548
0.3997083820173225,1.1106043222452944,-0.76907143854886,0.943572346814842,1.2083494099983672,1.018392523798751,-1.4097151396237653,-1.5376335658725404,-1.2063078424788214,-0.9800196280098504,1.4469013848972083
0.6551375651608916,-0.881547973393781,-0.842702175939987,-1.0401383869107759,1.313952326330284,-0.7582239900495411,-0.13694544959199306,0.08149334893661082,0.7476362400648744,1.0054084562001322,-0.380941751201674
-0.6575534169056552,1.1591066557454082,0.5310566583083737,-1.5488539386618365,-0.5857856037344129,-1.264567562338997,1.8091831575980148,0.029444891258023503,-0.18787611585363997,0.2968494853037042,-0.867668439268174
0.32770556761104597,0.9088996075566032,1.6472442217469905,-1.4707725041908757,-1.245413556199751,0.8454767359944645,-1.4962477988711855,0.1555076028688296,-1.1125612158903464,-0.9668065835858549,-0.17372980283081868
-1.1173952360683934,-1.335973029033977,0.6626522006083175,-1.1329019799357083,-1.0830683706169741,-0.4992211136080521,1.2171895000510957,-1.2436541131052852,0.9467908314876111,-1.5834396411704765,-2.2043996373719454
-0.9670548213320621,-0.2778582766359586,-0.35913570072628503,-1.0480068106838758,-0.2750378349171644,-0.8667426600364353,0.11690742974984039,-1.4504826096621968,1.1743099698524049,0.9089649734013767,-1.2072124062274645
1.1091803369969557,1.4228714829895928,-1.187993629987085,-0.8695872662645291,0.7202599556982028,-1.0985113299332612,-0.7507604267563145,-1.011117518666363,-1.269704008363451,-0.24961321523996824,0.35047513443371536
0.4150907894671797,-1.3181130526020775,0.9075437245687066,0.5292245231378595,0.9481542324647201,-0.11527375743077506,1.5626986229527522,-1.4031043635307918,-0.8692449454687072,0.5583864308131821,-0.352054015259421
-1.020791883263401,1.3450477010047412,0.2775678430918887,-0.0718385427927906,1.1795559644859923,-0.18737475572334444,0.8608011288369353,-0.2354966947481837,1.1670231652392842,0.47178112394702176,-0.20967928878797498
-0.4555989723093481,0.7282532769677568,0.5984955840027786,1.11377792518717,1.4904477439129455,1.3086949419811749,1.009481573277732,0.7636421571193295,-0.7272769314218944,-1.404927647524804,1.3699607869678734
1.7093206666676999,1.6094436181371967,1.8136838756606715,-1.1980429686822973,1.3651145459486873,-0.9299952621202278,-0.11810744692421117,0.9611774511869027,-1.1666696381634822,0.043683824683245664,-0.3829587392826264
-0.2721414439311257,-0.6242812481447666,-1.4809760891174377,0.8614370974378381,-1.3695786287811686,0.32510440970959326,0.783689426515456,0.5517350794998951,1.3505999361540078,-1.558525670951721,0.5772943978404698
1.6793293187918343,1.636798185972095,-0.1835870899976398,-1.0504364692091486,0.37651679829717405,-0.07738260672175931,1.8370844784362759,-1.3498280037475323,0.7645047783367814,-0.9180053454798236,-1.323902256667691
-0.3905600709247907,-1.0431479437429856,-0.009730519533498364,-1.4444034768443585,0.9080726013241831,-1.511551305205324,0.10502872991536666,-0.5434134094428488,0.07917543748084098,1.4040403684648455,-1.064473523220004
0.9135915068709537,-1.1819147388210087,-0.12558574658662114,1.3789478526230763,-1.3900639290586283,-1.7157741712031886,0.36912158828430214,-0.11359843647427384,0.8159975997836174,1.2795429549526427,-0.18151265747073356
0.9806496742461842,-1.212424803151032,-1.3113289948555695,-1.294627017478814,0.4863903594971409,-0.9272278804996281,-0.256770634161915,0.2932294723428293,1.0221110970082155,0.5998823310001116,-0.468966464230781
0.4949148171572142,1.2391955179244807,-0.6473436398153251,1.0638187542585582,-1.1192012809421557,1.5272748402650107,0.7257944946364361,-0.8482821859955288,1.3113787460631108,0.6130717795526306,0.9830980046330473
0.451010176618601,-0.41067293842984376,0.8237631129034101,-0.41751545153720443,-1.2222237465785166,-0.6936430954464098,1.4502934754595809,1.632758460942995,-1.1537028105161489,0.812434072500936,-0.4983334266804672
1.040114928892589,0.16708105902159964,-0.22951518852687994,1.5878750160615445,0.24300973557914468,-1.3659638153288365,-0.2678137867450321,1.041900994676577,0.4663478086814401,1.2549215224687058,1.5390866712569373
1.1436612941641222,-0.5581968013085636,-1.0631302961453506,1.0172512537449767,0.7236913242118268,1.5767349173134748,1.4153933409560289,0.28753239725033775,-1.5076382077917012,-0.24287477477955904,1.0908341742360272
-0.8345655704508818,0.5292663972539405,-0.741383214855567,0.6237590616580775,-0.024386884211783526,-0.3071290224826018,0.23699250739799718,-0.6093894683078303,0.5090874843985037,-0.4804094090789706,0.07945859059419409
0.8251636851286038,-0.015242965684823223,1.688486368068357,0.5509563100629128,-0.3328664247493096,0.32539960978384136,-1.7340158344916416,-0.5608945916631382,0.35448661833856304,-0.9121949618083726,1.7560448002234506
1.485927152738001,-1.4350283225274034,0.061744990452011164,-0.07956711660076568,-1.0400895818263727,-0.573004588391796,-0.1330033089457593,1.3211498293040096,1.337012372963248,-0.12029020671737706,-1.3472970539814
-0.43662341704165203,0.3913009842622689,-0.595914286466926,1.3180020871158187,-1.360854843692531,-1.0414927560199743,-1.1309655230319546,-0.22213798423136338,0.6378902639109841,-0.09267012713231015,0.4530890461741369
0.21990875666564114,0.7072495857889478,0.4793350684796951,0.2210239661124318,-0.333527425224211,0.46245320513611377,-0.19402257632319256,1.409841709963474,1.3656615079002854,-0.5891189354248477,0.5608698260324385
-1.1811505759838683,-0.9407589232591886,-1.3478448380416235,0.756424841191889,-0.4273438303565471,-0.7000614514839282,0.8404053257564429,-0.4460201271697745,0.5797108693860756,0.9049339237828591,-0.1955375052377715
0.7555060994692034,-0.2945832993415108,-1.5653013509103306,-1.5551183119085117,-0.044478503992722386,-1.489572805749044,-1.6166659260339855,1.6560797856375946,1.016951642403685,-1.3899038263981158,0.3564745512593179
1.2571972809368486,0.8960539835329875,-0.6202678268428516,-0.33697247645411865,1.3247458918840636,1.059865294664462,0.4565790014159911,-0.8283059583972182,-1.6976601283714758,-0.4236555461514033,0.845563623742784
1.3870756956377233,0.7818727979463312,-1.5658389298543027,0.7179669990135672,1.3032270663515113,0.6864583798004166,-1.1531511310122224,0.046634026679005416,-1.3775909319862807,-0.673712587293466,2.4832230456292255
