！！！！！！！！！！！！！！！！！！！！！！！！！！！！！！！！！！！！！！！！！！！！
|index	|GPR	|LR 	|RidgeR	|LassoR	|ENR	|SVR	|KNN	|DTR	|MLP	|
！！！！！！！！！！！！！！！！！！！！！！！！！！！！！！！！！！！！！！！！！！！！
|1	|0.2216	|0.4943	|0.5001	|0.4945	|0.4946	|0.2538	|0.4907	|0.1429	|0.2211	|
|2	|0.1431	|0.4336	|0.4470	|0.4366	|0.4399	|0.2090	|0.2887	|0.2291	|0.1523	|
|3	|0.0707	|0.2194	|0.2163	|0.2178	|0.2174	|0.0616	|0.1148	|0.1083	|0.0849	|
|4	|0.0781	|0.2537	|0.2575	|0.2554	|0.2554	|0.0799	|0.2780	|0.1532	|0.0957	|
|5	|0.0786	|0.1606	|0.1586	|0.1598	|0.1597	|0.0945	|0.1297	|0.1071	|0.1065	|
|6	|0.0750	|0.1650	|0.1646	|0.1643	|0.1645	|0.0869	|0.1213	|0.1011	|0.0844	|
|7	|0.0861	|0.2713	|0.2683	|0.2664	|0.2677	|0.1849	|0.3057	|0.2059	|0.1808	|
|8	|0.0954	|0.2510	|0.2525	|0.2509	|0.2511	|0.0989	|0.1517	|0.2509	|0.1244	|
|9	|0.0719	|0.2198	|0.2198	|0.2206	|0.2205	|0.0680	|0.1418	|0.2722	|0.0689	|
|10	|0.1416	|0.4363	|0.4376	|0.4379	|0.4374	|0.2082	|0.3384	|0.3744	|0.1394	|
！！！！！！！！！！！！！！！！！！！！！！！！！！！！！！！！！！！！！！！！！！！！
|avg	|0.1062	|0.2905	|0.2922	|0.2904	|0.2908	|0.1346	|0.2361	|0.1945	|0.1258	|
！！！！！！！！！！！！！！！！！！！！！！！！！！！！！！！！！！！！！！！！！！！！
