！！！！！！！！！！！！！！！！！！！！！！！！！！！！！！！！！！！！！！！！！！！！
|index	|GPR	|LR 	|RidgeR	|LassoR	|ENR	|SVR	|KNN	|DTR	|MLP	|
！！！！！！！！！！！！！！！！！！！！！！！！！！！！！！！！！！！！！！！！！！！！
|1	|0.5218	|0.5248	|0.5268	|0.5252	|0.5317	|0.5540	|0.5760	|0.7425	|0.6670	|
|2	|0.5125	|0.5517	|0.5496	|0.5526	|0.5481	|0.5157	|0.7321	|0.6523	|0.6724	|
|3	|0.4010	|0.4239	|0.4357	|0.4348	|0.4337	|0.4186	|0.4027	|0.4800	|0.4488	|
|4	|0.5034	|0.4496	|0.4499	|0.4498	|0.4500	|0.5320	|0.6713	|0.5434	|0.6324	|
|5	|0.6459	|0.6280	|0.6381	|0.6397	|0.6311	|0.6495	|0.7378	|0.9060	|0.7264	|
|6	|0.5102	|0.5484	|0.5422	|0.5436	|0.5433	|0.5118	|0.4665	|0.6096	|0.6294	|
|7	|0.4572	|0.4692	|0.4634	|0.4505	|0.4648	|0.4708	|0.5068	|0.6240	|0.5472	|
|8	|0.5047	|0.4656	|0.4798	|0.4962	|0.4831	|0.4778	|0.7010	|0.8307	|0.8110	|
|9	|0.4755	|0.5086	|0.5092	|0.5084	|0.5083	|0.4873	|0.5625	|0.4128	|0.5770	|
|10	|0.5515	|0.5967	|0.5925	|0.5964	|0.5966	|0.5489	|0.5651	|0.7647	|0.5069	|
！！！！！！！！！！！！！！！！！！！！！！！！！！！！！！！！！！！！！！！！！！！！
|avg	|0.5083	|0.5167	|0.5187	|0.5197	|0.5191	|0.5166	|0.5922	|0.6566	|0.6218	|
！！！！！！！！！！！！！！！！！！！！！！！！！！！！！！！！！！！！！！！！！！！！
