！！！！！！！！！！！！！！！！！！！！！！！！！！！！！！！！！！！！！！！！！！！！
|index	|GPR	|LR 	|RidgeR	|LassoR	|ENR	|SVR	|KNN	|DTR	|MLP	|
！！！！！！！！！！！！！！！！！！！！！！！！！！！！！！！！！！！！！！！！！！！！
|1	|0.6897	|0.6798	|0.6865	|0.6847	|0.6896	|0.6391	|0.6997	|0.8991	|0.6406	|
|2	|0.3441	|0.3527	|0.3476	|0.3519	|0.3501	|0.3328	|0.4059	|0.4465	|0.6540	|
|3	|0.8313	|0.8296	|0.8192	|0.8295	|0.8286	|0.9345	|0.9365	|0.9391	|1.1737	|
|4	|0.7113	|0.6238	|0.6449	|0.6369	|0.6591	|0.8333	|0.8324	|0.8746	|0.7532	|
|5	|0.8406	|0.8517	|0.8488	|0.8506	|0.8514	|0.8815	|0.9503	|1.0034	|0.7710	|
|6	|0.9786	|0.9626	|0.9676	|0.9626	|0.9627	|0.9449	|1.2303	|1.2940	|1.0302	|
|7	|0.6822	|0.7265	|0.7057	|0.7243	|0.7232	|0.8047	|0.5878	|0.6187	|0.7323	|
|8	|0.7380	|0.7589	|0.7451	|0.7584	|0.7356	|0.7890	|0.6940	|0.8443	|1.2807	|
|9	|0.8759	|0.8109	|0.8312	|0.8158	|0.8233	|0.7929	|1.3833	|1.2314	|1.0097	|
|10	|0.8208	|0.8879	|0.8576	|0.8825	|0.8520	|0.8262	|0.6752	|0.7812	|0.9306	|
！！！！！！！！！！！！！！！！！！！！！！！！！！！！！！！！！！！！！！！！！！！！
|avg	|0.7513	|0.7484	|0.7454	|0.7497	|0.7476	|0.7779	|0.8395	|0.8932	|0.8976	|
！！！！！！！！！！！！！！！！！！！！！！！！！！！！！！！！！！！！！！！！！！！！
