！！！！！！！！！！！！！！！！！！！！！！！！！！！！！！！！！！！！！！！！！！！！
|index	|GPR	|LR 	|RidgeR	|LassoR	|ENR	|SVR	|KNN	|DTR	|MLP	|
！！！！！！！！！！！！！！！！！！！！！！！！！！！！！！！！！！！！！！！！！！！！
|1	|0.0002	|0.2121	|0.2107	|0.2112	|0.2118	|0.0053	|0.1124	|0.0399	|0.0174	|
|2	|0.0002	|0.1940	|0.1940	|0.1934	|0.1927	|0.0057	|0.0737	|0.0477	|0.0244	|
|3	|0.0002	|0.1740	|0.1740	|0.1744	|0.1745	|0.0026	|0.1611	|0.0721	|0.0098	|
|4	|0.0002	|0.1418	|0.1418	|0.1421	|0.1419	|0.0034	|0.0530	|0.0451	|0.0042	|
|5	|0.0001	|0.0890	|0.0890	|0.0898	|0.0897	|0.0015	|0.0772	|0.0388	|0.0098	|
|6	|0.0001	|0.1997	|0.1997	|0.1981	|0.1963	|0.0052	|0.0730	|0.0556	|0.0140	|
|7	|0.0001	|0.1512	|0.1505	|0.1492	|0.1503	|0.0016	|0.0603	|0.0414	|0.0096	|
|8	|0.0008	|0.1737	|0.1748	|0.1786	|0.1745	|0.0025	|0.1295	|0.0783	|0.0095	|
|9	|0.0001	|0.1302	|0.1301	|0.1291	|0.1281	|0.0020	|0.0579	|0.1289	|0.0047	|
|10	|0.0001	|0.1571	|0.1571	|0.1562	|0.1569	|0.0024	|0.2339	|0.0657	|0.0221	|
！！！！！！！！！！！！！！！！！！！！！！！！！！！！！！！！！！！！！！！！！！！！
|avg	|0.0002	|0.1623	|0.1622	|0.1622	|0.1617	|0.0032	|0.1032	|0.0613	|0.0126	|
！！！！！！！！！！！！！！！！！！！！！！！！！！！！！！！！！！！！！！！！！！！！
