！！！！！！！！！！！！！！！！！！！！！！！！！！！！！！！！！！！！！！！！！！！！
|index	|GPR	|LR 	|RidgeR	|LassoR	|ENR	|SVR	|KNN	|DTR	|MLP	|
！！！！！！！！！！！！！！！！！！！！！！！！！！！！！！！！！！！！！！！！！！！！
|1	|0.1684	|0.6578	|0.6468	|0.6190	|0.6552	|0.1365	|0.6097	|0.7785	|0.3547	|
|2	|0.1454	|0.4877	|0.4793	|0.4823	|0.4834	|0.1175	|0.5509	|0.4825	|0.2229	|
|3	|0.2589	|0.4469	|0.4476	|0.4770	|0.4724	|0.2424	|0.7993	|0.6202	|0.2928	|
|4	|0.1702	|0.3450	|0.3374	|0.3251	|0.3243	|0.1810	|0.2280	|0.8843	|0.2181	|
|5	|0.1167	|0.2958	|0.2992	|0.3003	|0.2941	|0.0956	|0.4570	|0.4394	|0.1622	|
|6	|0.2072	|0.3318	|0.3277	|0.3138	|0.3286	|0.2683	|0.3885	|0.7740	|0.2805	|
|7	|0.2242	|0.4170	|0.4161	|0.4086	|0.4088	|0.1814	|0.5459	|0.3840	|0.2257	|
|8	|0.0393	|0.2777	|0.2780	|0.2725	|0.2736	|0.0531	|0.2194	|0.7128	|0.0832	|
|9	|0.1169	|0.1317	|0.1388	|0.1421	|0.1326	|0.1462	|0.5266	|0.7059	|0.1332	|
|10	|0.0842	|0.3294	|0.3307	|0.3332	|0.3288	|0.0852	|0.2871	|0.6557	|0.1658	|
！！！！！！！！！！！！！！！！！！！！！！！！！！！！！！！！！！！！！！！！！！！！
|avg	|0.1531	|0.3721	|0.3702	|0.3674	|0.3702	|0.1507	|0.4612	|0.6437	|0.2139	|
！！！！！！！！！！！！！！！！！！！！！！！！！！！！！！！！！！！！！！！！！！！！
