！！！！！！！！！！！！！！！！！！！！！！！！！！！！！！！！！！！！！！！！！！！！
|index	|GPR	|LR 	|RidgeR	|LassoR	|ENR	|SVR	|KNN	|DTR	|MLP	|
！！！！！！！！！！！！！！！！！！！！！！！！！！！！！！！！！！！！！！！！！！！！
|1	|0.1735	|0.4704	|0.4548	|0.4549	|0.4557	|0.1370	|0.4925	|0.1805	|0.1828	|
|2	|0.3232	|0.6954	|0.7373	|0.7044	|0.7077	|0.3621	|0.4646	|0.7123	|0.2850	|
|3	|0.3321	|0.3685	|0.3768	|0.3720	|0.3755	|1.0990	|0.0731	|0.0395	|0.0799	|
|4	|0.1047	|0.3393	|0.3409	|0.3426	|0.3413	|0.0911	|0.3495	|0.0446	|0.0744	|
|5	|0.2275	|0.6188	|0.5784	|0.5822	|0.5798	|0.4281	|0.0422	|0.0901	|0.1197	|
|6	|0.2176	|0.5581	|0.5372	|0.5293	|0.5447	|0.2037	|0.5831	|0.0385	|0.2031	|
|7	|0.1772	|0.6511	|0.6289	|0.6556	|0.6363	|0.1273	|0.0766	|0.0168	|0.2099	|
|8	|0.1543	|0.6505	|0.5671	|0.5813	|0.5747	|0.0637	|0.0542	|0.0570	|0.1734	|
|9	|0.2468	|0.4313	|0.4276	|0.4314	|0.4297	|0.2418	|0.2437	|0.1629	|0.2501	|
|10	|0.2692	|0.4890	|0.4922	|0.4901	|0.4932	|0.1202	|0.8732	|0.1352	|0.2679	|
！！！！！！！！！！！！！！！！！！！！！！！！！！！！！！！！！！！！！！！！！！！！
|avg	|0.2226	|0.5272	|0.5141	|0.5144	|0.5138	|0.2874	|0.3253	|0.1477	|0.1846	|
！！！！！！！！！！！！！！！！！！！！！！！！！！！！！！！！！！！！！！！！！！！！
